Results - ARR Data Hub
[STARTTXT]

Input Data Information
[INPUTDATA]
Latitude,-34.445
Longitude,150.853
[END_INPUTDATA]

River Region
[RIVREG]
Division,South East Coast (NSW)
RivRegNum,14.0
River Region,Wollongong Coast
[RIVREG_META]
Time Accessed,28 April 2017 01:23PM
Version,2016_v1
[END_RIVREG]

ARF Parameters
[LONGARF]
Zone,SE Coast
a,6.00E-02
b,3.61E-01
c,0.00E+00
d,3.17E-01
e,8.11E-05
f,6.51E-01
g,0.00E+00
h,0.00E+00
i,0.00E+00
[LONGARF_META]
Time Accessed,28 April 2017 01:23PM
Version,2016_v1
[END_LONGARF]

Storm Losses
[LOSSES]
Storm Initial Losses (mm),69.0
Storm Continuing Losses (mm/h),3.9
[LOSSES_META]
Time Accessed,28 April 2017 01:23PM
Version,2016_v1
[END_LOSSES]

Temporal Patterns
[TP]
CODE,SSmainland
LABEL,Southern Slopes (mainland)
[TP_META]
Time Accessed,28 April 2017 01:23PM
Version,2016_v1
[END_TP]

Areal Temporal Patterns
[ATP]
CODE,SSmainland
LABEL,Southern Slopes (Vic/NSW)
[ATP_META]
Time Accessed,28 April 2017 01:23PM
Version,2016_v1
[END_ATP]

BOM IFD Depths
[BOMIFD]
[BOMIFD_META]
[END_BOMIFD]

Median Preburst Depths and Ratios
[PREBURST]
min (h)\AEP(%),50,20,10,5,2,1,
60 (1.0),11.4 (0.378),8.2 (0.191),6.0 (0.115),3.9 (0.063),2.2 (0.029),0.9 (0.011),
90 (1.5),10.8 (0.304),8.6 (0.172),7.2 (0.118),5.8 (0.08),3.4 (0.038),1.6 (0.016),
120 (2.0),12.4 (0.313),10.7 (0.191),9.5 (0.14),8.4 (0.105),5.0 (0.051),2.4 (0.022),
180 (3.0),8.4 (0.179),9.5 (0.142),10.1 (0.127),10.8 (0.115),8.8 (0.078),7.4 (0.058),
360 (6.0),10.3 (0.158),17.8 (0.194),22.7 (0.207),27.5 (0.215),22.1 (0.145),18.0 (0.106),
720 (12.0),7.4 (0.081),14.3 (0.111),18.9 (0.122),23.3 (0.129),34.3 (0.16),42.5 (0.178),
1080 (18.0),6.0 (0.055),11.3 (0.072),14.7 (0.078),18.1 (0.081),28.9 (0.11),37.1 (0.127),
1440 (24.0),1.1 (0.009),6.2 (0.035),9.6 (0.044),12.8 (0.05),19.4 (0.064),24.4 (0.072),
2160 (36.0),0.0 (0.0),2.3 (0.011),3.8 (0.015),5.3 (0.017),15.0 (0.041),22.2 (0.054),
2880 (48.0),0.0 (0.0),0.5 (0.002),0.8 (0.003),1.1 (0.003),8.2 (0.02),13.5 (0.029),
4320 (72.0),0.0 (0.0),0.0 (0.0),0.0 (0.0),0.0 (0.0),1.8 (0.004),3.1 (0.006),
[PREBURST_META]
Time Accessed,28 April 2017 01:23PM
[END_PREBURST]

10% Preburst Depths
[PREBURST10]
min (h)\AEP(%),50,20,10,5,2,1,
60 (1.0),0.0 (0.0),0.0 (0.0),0.0 (0.0),0.0 (0.0),0.0 (0.0),0.0 (0.0),
90 (1.5),0.0 (0.0),0.0 (0.0),0.0 (0.0),0.0 (0.0),0.0 (0.0),0.0 (0.0),
120 (2.0),0.0 (0.0),0.0 (0.0),0.0 (0.0),0.0 (0.0),0.0 (0.0),0.0 (0.0),
180 (3.0),0.0 (0.0),0.0 (0.0),0.0 (0.0),0.0 (0.0),0.0 (0.0),0.0 (0.0),
360 (6.0),0.0 (0.0),0.0 (0.0),0.0 (0.0),0.0 (0.0),0.0 (0.0),0.0 (0.0),
720 (12.0),0.0 (0.0),0.0 (0.0),0.0 (0.0),0.0 (0.0),0.0 (0.0),0.0 (0.0),
1080 (18.0),0.0 (0.0),0.0 (0.0),0.0 (0.0),0.0 (0.0),0.0 (0.0),0.0 (0.0),
1440 (24.0),0.0 (0.0),0.0 (0.0),0.0 (0.0),0.0 (0.0),0.0 (0.0),0.0 (0.0),
2160 (36.0),0.0 (0.0),0.0 (0.0),0.0 (0.0),0.0 (0.0),0.0 (0.0),0.0 (0.0),
2880 (48.0),0.0 (0.0),0.0 (0.0),0.0 (0.0),0.0 (0.0),0.0 (0.0),0.0 (0.0),
4320 (72.0),0.0 (0.0),0.0 (0.0),0.0 (0.0),0.0 (0.0),0.0 (0.0),0.0 (0.0),
[PREBURST10_META]
Time Accessed,28 April 2017 01:23PM
Version,2016_v1
[END_PREBURST10]

25% Preburst Depths
[PREBURST25]
min (h)\AEP(%),50,20,10,5,2,1,
60 (1.0),0.0 (0.0),0.0 (0.0),0.0 (0.0),0.0 (0.0),0.0 (0.0),0.0 (0.0),
90 (1.5),0.0 (0.0),0.0 (0.0),0.0 (0.0),0.0 (0.0),0.0 (0.0),0.0 (0.0),
120 (2.0),0.2 (0.006),0.3 (0.006),0.4 (0.005),0.4 (0.005),0.2 (0.002),0.0 (0.0),
180 (3.0),0.0 (0.0),0.0 (0.0),0.0 (0.0),0.0 (0.0),0.0 (0.0),0.0 (0.0),
360 (6.0),0.0 (0.0),0.0 (0.0),0.0 (0.0),0.0 (0.0),0.0 (0.0),0.0 (0.0),
720 (12.0),0.0 (0.0),0.0 (0.0),0.0 (0.0),0.0 (0.0),0.5 (0.002),0.9 (0.004),
1080 (18.0),0.0 (0.0),0.0 (0.0),0.0 (0.0),0.0 (0.0),5.3 (0.02),9.2 (0.031),
1440 (24.0),0.0 (0.0),0.0 (0.0),0.0 (0.0),0.0 (0.0),0.0 (0.0),0.0 (0.0),
2160 (36.0),0.0 (0.0),0.0 (0.0),0.0 (0.0),0.0 (0.0),0.0 (0.0),0.0 (0.0),
2880 (48.0),0.0 (0.0),0.0 (0.0),0.0 (0.0),0.0 (0.0),0.0 (0.0),0.0 (0.0),
4320 (72.0),0.0 (0.0),0.0 (0.0),0.0 (0.0),0.0 (0.0),0.0 (0.0),0.0 (0.0),
[PREBURST25_META]
Time Accessed,28 April 2017 01:23PM
Version,2016_v1
[END_PREBURST25]

75% Preburst Depths
[PREBURST75]
min (h)\AEP(%),50,20,10,5,2,1,
60 (1.0),65.9 (2.177),52.0 (1.214),42.9 (0.821),34.1 (0.55),34.3 (0.451),34.5 (0.393),
90 (1.5),38.8 (1.095),36.1 (0.723),34.4 (0.567),32.7 (0.456),37.1 (0.425),40.4 (0.403),
120 (2.0),48.1 (1.211),48.7 (0.87),49.1 (0.725),49.5 (0.62),45.7 (0.472),42.9 (0.388),
180 (3.0),54.7 (1.158),53.7 (0.808),53.0 (0.662),52.3 (0.558),66.6 (0.59),77.2 (0.604),
360 (6.0),42.5 (0.655),63.0 (0.688),76.6 (0.697),89.6 (0.7),96.9 (0.637),102.3 (0.599),
720 (12.0),35.4 (0.392),51.7 (0.4),62.4 (0.402),72.7 (0.402),88.4 (0.414),100.1 (0.42),
1080 (18.0),25.4 (0.233),44.5 (0.284),57.2 (0.301),69.3 (0.312),84.8 (0.323),96.4 (0.329),
1440 (24.0),15.5 (0.126),27.9 (0.156),36.2 (0.166),44.1 (0.173),60.0 (0.198),71.9 (0.212),
2160 (36.0),7.3 (0.051),22.8 (0.108),33.1 (0.128),43.0 (0.14),67.9 (0.185),86.6 (0.21),
2880 (48.0),3.7 (0.024),9.4 (0.04),13.2 (0.046),16.8 (0.049),44.9 (0.109),66.0 (0.142),
4320 (72.0),0.0 (0.0),4.6 (0.018),7.7 (0.024),10.6 (0.027),36.4 (0.077),55.7 (0.103),
[PREBURST75_META]
Time Accessed,28 April 2017 01:23PM
Version,2016_v1
[END_PREBURST75]

90% Preburst Depths
[PREBURST90]
min (h)\AEP(%),50,20,10,5,2,1,
60 (1.0),138.6 (4.583),117.6 (2.743),103.6 (1.985),90.2 (1.455),119.3 (1.569),141.1 (1.61),
90 (1.5),118.3 (3.342),130.4 (2.61),138.4 (2.283),146.1 (2.038),140.0 (1.602),135.3 (1.351),
120 (2.0),92.0 (2.315),127.9 (2.284),151.7 (2.239),174.5 (2.186),160.5 (1.659),150.1 (1.358),
180 (3.0),91.4 (1.936),130.0 (1.957),155.6 (1.944),180.1 (1.92),180.2 (1.597),180.2 (1.408),
360 (6.0),76.2 (1.174),105.9 (1.156),125.6 (1.142),144.4 (1.128),171.8 (1.129),192.3 (1.126),
720 (12.0),81.3 (0.901),104.9 (0.813),120.5 (0.777),135.5 (0.75),187.3 (0.877),226.2 (0.949),
1080 (18.0),70.7 (0.65),94.5 (0.602),110.2 (0.581),125.3 (0.565),171.2 (0.652),205.6 (0.702),
1440 (24.0),60.4 (0.491),73.5 (0.411),82.2 (0.379),90.6 (0.355),121.7 (0.402),145.1 (0.428),
2160 (36.0),42.9 (0.299),63.8 (0.302),77.6 (0.3),90.8 (0.296),112.9 (0.308),129.5 (0.314),
2880 (48.0),19.2 (0.122),39.4 (0.169),52.8 (0.184),65.6 (0.191),100.7 (0.244),127.0 (0.272),
4320 (72.0),9.8 (0.056),31.4 (0.12),45.7 (0.141),59.4 (0.152),81.8 (0.173),98.6 (0.183),
[PREBURST90_META]
Time Accessed,28 April 2017 01:23PM
Version,2016_v1
[END_PREBURST90]

Interim Climate Change Factors
[CCF]
2030,0.719 (3.6%),0.739 (3.7%),0.822 (4.1%),
2040,0.925 (4.6%),0.915 (4.6%),1.119 (5.6%),
2050,1.123 (5.6%),1.085 (5.4%),1.449 (7.2%),
2060,1.271 (6.4%),1.294 (6.5%),1.865 (9.3%),
2070,1.394 (7.0%),1.526 (7.6%),2.333 (11.7%),
2080,1.477 (7.4%),1.778 (8.9%),2.776 (13.9%),
2090,1.527 (7.6%),2.009 (10.0%),3.21 (16.1%),
[CCF_META]
Time Accessed,28 April 2017 01:23PM
Version,2016_v1
Note,ARR recommends the use of RCP4.5 and RCP 8.5 values
[END_CCF]

[ENDTXT]