Results - ARR Data Hub
[STARTTXT]

Input Data Information
[INPUTDATA]
Latitude,-34.57
Longitude,150.7
[END_INPUTDATA]

River Region
[RIVREG]
Division,South East Coast (NSW)
RivRegNum,14.0
River Region,Wollongong Coast
[RIVREG_META]
Time Accessed,19 May 2017 10:35AM
Version,2016_v1
[END_RIVREG]

ARF Parameters
[LONGARF]
Zone,SE Coast
a,6.00E-02
b,3.61E-01
c,0.00E+00
d,3.17E-01
e,8.11E-05
f,6.51E-01
g,0.00E+00
h,0.00E+00
i,0.00E+00
[LONGARF_META]
Time Accessed,19 May 2017 10:35AM
Version,2016_v1
[END_LONGARF]

Storm Losses
[LOSSES]
Storm Initial Losses (mm),54.0
Storm Continuing Losses (mm/h),4.5
[LOSSES_META]
Time Accessed,19 May 2017 10:35AM
Version,2016_v1
[END_LOSSES]

Temporal Patterns
[TP]
CODE,SSmainland
LABEL,Southern Slopes (Vic/NSW)
[TP_META]
Time Accessed,19 May 2017 10:35AM
Version,2016_v1
[END_TP]

Areal Temporal Patterns
[ATP]
CODE,SSmainland
LABEL,Southern Slopes (Vic/NSW)
[ATP_META]
Time Accessed,19 May 2017 10:35AM
Version,2016_v1
[END_ATP]

BOM IFD Depths
[BOMIFD]
[BOMIFD_META]
[END_BOMIFD]

Median Preburst Depths and Ratios
[PREBURST]
min (h)\AEP(%),50,20,10,5,2,1,
60 (1.0),12.1 (0.39),10.1 (0.229),8.8 (0.163),7.5 (0.117),3.2 (0.04),0.0 (0.0),
90 (1.5),13.4 (0.36),10.5 (0.201),8.7 (0.136),6.9 (0.091),2.9 (0.032),0.0 (0.0),
120 (2.0),8.6 (0.203),7.7 (0.13),7.2 (0.099),6.6 (0.077),3.1 (0.029),0.4 (0.003),
180 (3.0),18.8 (0.365),15.0 (0.208),12.5 (0.143),10.1 (0.098),7.7 (0.061),5.8 (0.041),
360 (6.0),13.3 (0.181),19.8 (0.191),24.2 (0.193),28.3 (0.192),13.8 (0.078),3.0 (0.015),
720 (12.0),18.3 (0.174),20.9 (0.139),22.6 (0.124),24.3 (0.113),39.9 (0.155),51.6 (0.179),
1080 (18.0),8.4 (0.066),17.0 (0.092),22.6 (0.1),28.1 (0.105),25.0 (0.079),22.7 (0.064),
1440 (24.0),3.5 (0.024),10.9 (0.051),15.8 (0.061),20.4 (0.067),26.0 (0.071),30.2 (0.073),
2160 (36.0),1.6 (0.01),4.2 (0.017),5.9 (0.019),7.6 (0.021),19.6 (0.045),28.6 (0.058),
2880 (48.0),0.0 (0.0),0.8 (0.003),1.3 (0.004),1.7 (0.004),15.3 (0.031),25.4 (0.046),
4320 (72.0),0.0 (0.0),0.0 (0.0),0.0 (0.0),0.0 (0.0),2.1 (0.004),3.7 (0.006),
[PREBURST_META]
Time Accessed,19 May 2017 10:35AM
[END_PREBURST]

10% Preburst Depths
[PREBURST10]
min (h)\AEP(%),50,20,10,5,2,1,
60 (1.0),0.0 (0.0),0.0 (0.0),0.0 (0.0),0.0 (0.0),0.0 (0.0),0.0 (0.0),
90 (1.5),0.0 (0.0),0.0 (0.0),0.0 (0.0),0.0 (0.0),0.0 (0.0),0.0 (0.0),
120 (2.0),0.0 (0.0),0.0 (0.0),0.0 (0.0),0.0 (0.0),0.0 (0.0),0.0 (0.0),
180 (3.0),0.0 (0.0),0.0 (0.0),0.0 (0.0),0.0 (0.0),0.0 (0.0),0.0 (0.0),
360 (6.0),0.0 (0.0),0.0 (0.0),0.0 (0.0),0.0 (0.0),0.0 (0.0),0.0 (0.0),
720 (12.0),0.0 (0.0),0.0 (0.0),0.0 (0.0),0.0 (0.0),0.0 (0.0),0.0 (0.0),
1080 (18.0),0.0 (0.0),0.0 (0.0),0.0 (0.0),0.0 (0.0),0.0 (0.0),0.0 (0.0),
1440 (24.0),0.0 (0.0),0.0 (0.0),0.0 (0.0),0.0 (0.0),0.0 (0.0),0.0 (0.0),
2160 (36.0),0.0 (0.0),0.0 (0.0),0.0 (0.0),0.0 (0.0),0.0 (0.0),0.0 (0.0),
2880 (48.0),0.0 (0.0),0.0 (0.0),0.0 (0.0),0.0 (0.0),0.0 (0.0),0.0 (0.0),
4320 (72.0),0.0 (0.0),0.0 (0.0),0.0 (0.0),0.0 (0.0),0.0 (0.0),0.0 (0.0),
[PREBURST10_META]
Time Accessed,19 May 2017 10:35AM
Version,2016_v1
[END_PREBURST10]

25% Preburst Depths
[PREBURST25]
min (h)\AEP(%),50,20,10,5,2,1,
60 (1.0),0.2 (0.006),0.1 (0.002),0.1 (0.001),0.0 (0.0),0.0 (0.0),0.0 (0.0),
90 (1.5),0.5 (0.013),0.4 (0.007),0.3 (0.004),0.2 (0.002),0.1 (0.001),0.0 (0.0),
120 (2.0),0.0 (0.0),0.0 (0.0),0.0 (0.0),0.0 (0.0),0.0 (0.0),0.0 (0.0),
180 (3.0),0.2 (0.004),0.1 (0.002),0.1 (0.001),0.0 (0.0),0.0 (0.0),0.0 (0.0),
360 (6.0),0.5 (0.006),0.3 (0.003),0.1 (0.001),0.0 (0.0),0.0 (0.0),0.0 (0.0),
720 (12.0),0.0 (0.0),0.0 (0.0),0.0 (0.0),0.0 (0.0),0.0 (0.0),0.0 (0.0),
1080 (18.0),0.0 (0.0),0.1 (0.001),0.2 (0.001),0.3 (0.001),0.1 (0.0),0.0 (0.0),
1440 (24.0),0.0 (0.0),0.0 (0.0),0.0 (0.0),0.0 (0.0),1.2 (0.003),2.1 (0.005),
2160 (36.0),0.0 (0.0),0.0 (0.0),0.0 (0.0),0.0 (0.0),0.0 (0.0),0.0 (0.0),
2880 (48.0),0.0 (0.0),0.0 (0.0),0.0 (0.0),0.0 (0.0),0.8 (0.002),1.4 (0.003),
4320 (72.0),0.0 (0.0),0.0 (0.0),0.0 (0.0),0.0 (0.0),0.0 (0.0),0.0 (0.0),
[PREBURST25_META]
Time Accessed,19 May 2017 10:35AM
Version,2016_v1
[END_PREBURST25]

75% Preburst Depths
[PREBURST75]
min (h)\AEP(%),50,20,10,5,2,1,
60 (1.0),56.2 (1.811),47.5 (1.078),41.8 (0.776),36.3 (0.565),36.0 (0.454),35.8 (0.39),
90 (1.5),51.2 (1.379),49.0 (0.936),47.6 (0.747),46.2 (0.611),47.4 (0.51),48.2 (0.449),
120 (2.0),41.7 (0.983),46.3 (0.777),49.4 (0.683),52.4 (0.612),48.7 (0.465),46.0 (0.382),
180 (3.0),62.7 (1.216),74.7 (1.031),82.6 (0.943),90.2 (0.874),84.3 (0.672),79.9 (0.556),
360 (6.0),55.7 (0.757),80.3 (0.773),96.5 (0.769),112.1 (0.761),113.7 (0.642),114.9 (0.572),
720 (12.0),58.4 (0.555),66.0 (0.438),71.1 (0.389),75.9 (0.353),90.4 (0.352),101.2 (0.35),
1080 (18.0),40.5 (0.318),57.4 (0.31),68.6 (0.304),79.4 (0.297),81.2 (0.255),82.6 (0.231),
1440 (24.0),27.7 (0.192),40.5 (0.192),49.0 (0.189),57.1 (0.186),82.7 (0.226),101.8 (0.247),
2160 (36.0),18.3 (0.11),26.9 (0.109),32.5 (0.106),38.0 (0.104),87.4 (0.199),124.4 (0.252),
2880 (48.0),6.7 (0.037),18.7 (0.069),26.6 (0.079),34.2 (0.085),75.7 (0.156),106.8 (0.194),
4320 (72.0),0.2 (0.001),11.3 (0.038),18.7 (0.05),25.7 (0.057),47.9 (0.088),64.5 (0.104),
[PREBURST75_META]
Time Accessed,19 May 2017 10:35AM
Version,2016_v1
[END_PREBURST75]

90% Preburst Depths
[PREBURST90]
min (h)\AEP(%),50,20,10,5,2,1,
60 (1.0),112.5 (3.621),112.9 (2.56),113.2 (2.101),113.4 (1.768),122.5 (1.546),129.3 (1.408),
90 (1.5),144.2 (3.885),135.0 (2.576),128.8 (2.022),123.0 (1.626),120.6 (1.298),118.9 (1.108),
120 (2.0),106.1 (2.504),148.3 (2.486),176.1 (2.435),202.9 (2.371),154.6 (1.476),118.3 (0.982),
180 (3.0),138.6 (2.688),170.0 (2.348),190.9 (2.179),210.8 (2.043),201.4 (1.605),194.3 (1.353),
360 (6.0),95.1 (1.292),129.1 (1.243),151.7 (1.209),173.3 (1.176),195.4 (1.103),211.9 (1.056),
720 (12.0),111.1 (1.057),137.0 (0.909),154.1 (0.843),170.6 (0.792),181.9 (0.708),190.4 (0.659),
1080 (18.0),71.5 (0.561),119.1 (0.644),150.7 (0.668),180.9 (0.678),183.4 (0.577),185.3 (0.519),
1440 (24.0),60.1 (0.417),95.5 (0.453),119.0 (0.46),141.5 (0.46),158.3 (0.432),170.9 (0.415),
2160 (36.0),53.0 (0.317),84.6 (0.342),105.5 (0.345),125.6 (0.343),158.3 (0.361),182.8 (0.371),
2880 (48.0),33.1 (0.183),63.5 (0.234),83.6 (0.248),102.8 (0.254),120.2 (0.247),133.2 (0.243),
4320 (72.0),8.4 (0.042),38.5 (0.129),58.5 (0.157),77.6 (0.172),93.8 (0.172),105.9 (0.171),
[PREBURST90_META]
Time Accessed,19 May 2017 10:35AM
Version,2016_v1
[END_PREBURST90]

Interim Climate Change Factors
[CCF]
2030,0.719 (3.6%),0.739 (3.7%),0.822 (4.1%),
2040,0.925 (4.6%),0.915 (4.6%),1.119 (5.6%),
2050,1.123 (5.6%),1.085 (5.4%),1.449 (7.2%),
2060,1.271 (6.4%),1.294 (6.5%),1.865 (9.3%),
2070,1.394 (7.0%),1.526 (7.6%),2.333 (11.7%),
2080,1.477 (7.4%),1.778 (8.9%),2.776 (13.9%),
2090,1.527 (7.6%),2.009 (10.0%),3.21 (16.1%),
[CCF_META]
Time Accessed,19 May 2017 10:35AM
Version,2016_v1
Note,ARR recommends the use of RCP4.5 and RCP 8.5 values
[END_CCF]

Baseflow Factors
[BASEFLOW]
DOWNSTREAM,0.0
AREA_SQKM,805.423
CATCH_NO,10389.0
R3RUNOFF,0.349
R1RUNOFF,0.067
[BASEFLOW_META]
Time Accessed,19 May 2017 10:35AM
Version,2016_v1
[END_BASEFLOW]

[ENDTXT]