Results - Get My Data
[STARTTXT]

River Region
[RIVREG]
Division,Tasmania
RivRegNum,3.0
River Region,Coal River
[RIVREG_META]
Time Accessed,16 January 2017 04:54PM
Version,2016_v1
[END_RIVREG]

ARF Parameters
[LONGARF]
Zone,Tasmania
a,6.05E-02
b,3.47E-01
c,2.00E-01
d,2.83E-01
e,7.60E-04
f,3.47E-01
g,8.77E-02
h,1.20E-02
i,-3.30E-04
[LONGARF_META]
Time Accessed,16 January 2017 04:54PM
Version,2016_v1
[END_LONGARF]

Storm Losses
[LOSSES]
Storm Initial Losses (mm),30.0
Storm Continuing Losses (mm/h),3.0
[LOSSES_META]
Time Accessed,16 January 2017 04:54PM
Version,2016_v1
[END_LOSSES]

Temporal Patterns
[TP]
CODE,SStas
LABEL,Southern Slopes (Tasmania)
[TP_META]
Time Accessed,16 January 2017 04:54PM
Version,2016_v1
[END_TP]

Areal Temporal Patterns
[UNKNOWN]
CODE,SStas
LABEL,Southern Slopes (Tas)
[UNKNOWN_META]
Time Accessed,16 January 2017 04:54PM
Version,2016_v1
[END_UNKNOWN]

BOM IFD Depths
[UNKNOWN]
[UNKNOWN_META]
[END_UNKNOWN]

Median Preburst Depths and Ratios
[PREBURST]
min (h)\AEP(%),50,20,10,5,2,1,
60 (1.0),3.7 (0.299),5.1 (0.304),6.0 (0.302),6.9 (0.299),5.7 (0.206),4.8 (0.153),
90 (1.5),4.0 (0.271),4.4 (0.221),4.7 (0.199),5.0 (0.183),5.6 (0.175),6.0 (0.169),
120 (2.0),3.8 (0.224),4.7 (0.206),5.2 (0.197),5.8 (0.191),7.5 (0.21),8.7 (0.222),
180 (3.0),4.6 (0.229),5.8 (0.213),6.6 (0.206),7.3 (0.201),12.7 (0.303),16.8 (0.363),
360 (6.0),3.8 (0.136),6.6 (0.176),8.5 (0.193),10.3 (0.206),18.3 (0.318),24.4 (0.384),
720 (12.0),3.7 (0.098),7.0 (0.136),9.2 (0.153),11.3 (0.165),12.8 (0.159),14.0 (0.156),
1080 (18.0),0.6 (0.015),3.8 (0.062),5.8 (0.081),7.8 (0.095),8.3 (0.085),8.6 (0.079),
1440 (24.0),0.0 (0.0),2.7 (0.04),4.5 (0.057),6.3 (0.068),3.7 (0.033),1.7 (0.014),
2160 (36.0),0.1 (0.002),1.8 (0.024),2.9 (0.032),4.0 (0.038),2.1 (0.016),0.6 (0.004),
2880 (48.0),0.0 (0.0),1.4 (0.017),2.3 (0.023),3.1 (0.027),3.1 (0.022),3.1 (0.02),
4320 (72.0),0.0 (0.0),0.0 (0.0),0.0 (0.0),0.0 (0.0),0.5 (0.003),0.8 (0.005),
[PREBURST_META]
[END_PREBURST]

!Other Preburst Depths and Ratios
[UNKNOWN]
min (h)\AEP(%),50,20,10,5,2,1,
60 (1.0),3.7 (0.299),5.1 (0.304),6.0 (0.302),6.9 (0.299),5.7 (0.206),4.8 (0.153),
90 (1.5),4.0 (0.271),4.4 (0.221),4.7 (0.199),5.0 (0.183),5.6 (0.175),6.0 (0.169),
120 (2.0),3.8 (0.224),4.7 (0.206),5.2 (0.197),5.8 (0.191),7.5 (0.21),8.7 (0.222),
180 (3.0),4.6 (0.229),5.8 (0.213),6.6 (0.206),7.3 (0.201),12.7 (0.303),16.8 (0.363),
360 (6.0),3.8 (0.136),6.6 (0.176),8.5 (0.193),10.3 (0.206),18.3 (0.318),24.4 (0.384),
720 (12.0),3.7 (0.098),7.0 (0.136),9.2 (0.153),11.3 (0.165),12.8 (0.159),14.0 (0.156),
1080 (18.0),0.6 (0.015),3.8 (0.062),5.8 (0.081),7.8 (0.095),8.3 (0.085),8.6 (0.079),
1440 (24.0),0.0 (0.0),2.7 (0.04),4.5 (0.057),6.3 (0.068),3.7 (0.033),1.7 (0.014),
2160 (36.0),0.1 (0.002),1.8 (0.024),2.9 (0.032),4.0 (0.038),2.1 (0.016),0.6 (0.004),
2880 (48.0),0.0 (0.0),1.4 (0.017),2.3 (0.023),3.1 (0.027),3.1 (0.022),3.1 (0.02),
4320 (72.0),0.0 (0.0),0.0 (0.0),0.0 (0.0),0.0 (0.0),0.5 (0.003),0.8 (0.005),
[UNKNOWN_META]
[END_UNKNOWN]

#10% Preburst Depths
[UNKNOWN]
min (h)\AEP(%),50,20,10,5,2,1,
60 (1.0),0.0 (0.0),0.0 (0.0),0.0 (0.0),0.0 (0.0),0.0 (0.0),0.0 (0.0),
90 (1.5),0.0 (0.0),0.0 (0.0),0.0 (0.0),0.0 (0.0),0.0 (0.0),0.0 (0.0),
120 (2.0),0.0 (0.0),0.0 (0.0),0.0 (0.0),0.0 (0.0),0.0 (0.0),0.0 (0.0),
180 (3.0),0.0 (0.0),0.0 (0.0),0.0 (0.0),0.0 (0.0),0.0 (0.0),0.0 (0.0),
360 (6.0),0.0 (0.0),0.0 (0.0),0.0 (0.0),0.0 (0.0),1.2 (0.02),2.0 (0.032),
720 (12.0),0.0 (0.0),0.0 (0.0),0.0 (0.0),0.0 (0.0),0.0 (0.0),0.0 (0.0),
1080 (18.0),0.0 (0.0),0.0 (0.0),0.0 (0.0),0.0 (0.0),0.0 (0.0),0.0 (0.0),
1440 (24.0),0.0 (0.0),0.0 (0.0),0.0 (0.0),0.0 (0.0),0.0 (0.0),0.0 (0.0),
2160 (36.0),0.0 (0.0),0.0 (0.0),0.0 (0.0),0.0 (0.0),0.0 (0.0),0.0 (0.0),
2880 (48.0),0.0 (0.0),0.0 (0.0),0.0 (0.0),0.0 (0.0),0.0 (0.0),0.0 (0.0),
4320 (72.0),0.0 (0.0),0.0 (0.0),0.0 (0.0),0.0 (0.0),0.0 (0.0),0.0 (0.0),
[UNKNOWN_META]
[END_UNKNOWN]

#25% Preburst Depths
[UNKNOWN]
min (h)\AEP(%),50,20,10,5,2,1,
60 (1.0),0.7 (0.056),0.9 (0.051),1.0 (0.049),1.1 (0.047),1.0 (0.034),0.9 (0.027),
90 (1.5),0.6 (0.04),0.8 (0.038),0.9 (0.037),1.0 (0.036),0.8 (0.025),0.7 (0.019),
120 (2.0),0.4 (0.022),0.4 (0.017),0.4 (0.016),0.4 (0.014),0.5 (0.014),0.6 (0.014),
180 (3.0),0.4 (0.022),0.3 (0.012),0.3 (0.008),0.2 (0.005),2.3 (0.054),3.8 (0.082),
360 (6.0),0.8 (0.029),1.5 (0.041),2.0 (0.046),2.5 (0.05),5.7 (0.099),8.1 (0.127),
720 (12.0),0.0 (0.0),0.3 (0.006),0.5 (0.009),0.7 (0.01),0.6 (0.007),0.5 (0.006),
1080 (18.0),0.0 (0.0),0.2 (0.003),0.3 (0.004),0.4 (0.004),0.7 (0.007),1.0 (0.009),
1440 (24.0),0.0 (0.0),0.0 (0.0),0.0 (0.0),0.0 (0.0),0.0 (0.0),0.0 (0.0),
2160 (36.0),0.0 (0.0),0.0 (0.0),0.0 (0.0),0.0 (0.0),0.0 (0.0),0.0 (0.0),
2880 (48.0),0.0 (0.0),0.0 (0.0),0.0 (0.0),0.0 (0.0),0.0 (0.0),0.0 (0.0),
4320 (72.0),0.0 (0.0),0.0 (0.0),0.0 (0.0),0.0 (0.0),0.0 (0.0),0.0 (0.0),
[UNKNOWN_META]
[END_UNKNOWN]

#75% Preburst Depths
[UNKNOWN]
min (h)\AEP(%),50,20,10,5,2,1,
60 (1.0),17.0 (1.387),20.5 (1.221),22.7 (1.138),24.9 (1.072),27.3 (0.986),29.0 (0.932),
90 (1.5),16.2 (1.102),18.6 (0.936),20.2 (0.859),21.8 (0.802),27.8 (0.871),32.3 (0.907),
120 (2.0),13.4 (0.797),18.1 (0.802),21.3 (0.8),24.3 (0.796),25.2 (0.71),25.9 (0.658),
180 (3.0),23.1 (1.141),25.4 (0.934),26.9 (0.846),28.4 (0.783),36.8 (0.878),43.1 (0.933),
360 (6.0),17.4 (0.625),23.9 (0.636),28.2 (0.643),32.3 (0.648),42.1 (0.731),49.4 (0.779),
720 (12.0),16.1 (0.427),27.2 (0.529),34.6 (0.573),41.7 (0.605),38.7 (0.479),36.4 (0.406),
1080 (18.0),18.1 (0.412),27.9 (0.46),34.5 (0.48),40.7 (0.494),31.3 (0.321),24.3 (0.222),
1440 (24.0),9.8 (0.202),18.7 (0.277),24.6 (0.307),30.3 (0.328),22.4 (0.204),16.6 (0.134),
2160 (36.0),11.0 (0.203),19.6 (0.257),25.3 (0.276),30.8 (0.29),29.4 (0.23),28.3 (0.196),
2880 (48.0),7.5 (0.13),16.2 (0.197),21.9 (0.222),27.4 (0.239),31.1 (0.225),33.8 (0.216),
4320 (72.0),1.4 (0.023),9.5 (0.108),14.9 (0.141),20.1 (0.162),22.4 (0.15),24.1 (0.142),
[UNKNOWN_META]
[END_UNKNOWN]

#90% Preburst Depths
[UNKNOWN]
min (h)\AEP(%),50,20,10,5,2,1,
60 (1.0),32.9 (2.677),45.6 (2.722),54.1 (2.706),62.2 (2.675),60.6 (2.191),59.4 (1.906),
90 (1.5),30.3 (2.059),38.8 (1.945),44.3 (1.882),49.7 (1.83),61.6 (1.93),70.4 (1.98),
120 (2.0),35.0 (2.088),44.1 (1.951),50.1 (1.884),55.9 (1.833),59.0 (1.662),61.4 (1.559),
180 (3.0),51.2 (2.533),55.9 (2.058),59.0 (1.856),62.0 (1.71),66.5 (1.586),69.9 (1.512),
360 (6.0),40.7 (1.459),54.5 (1.449),63.6 (1.451),72.3 (1.454),100.9 (1.752),122.2 (1.927),
720 (12.0),39.3 (1.043),57.9 (1.124),70.2 (1.162),82.0 (1.19),93.6 (1.159),102.3 (1.14),
1080 (18.0),45.3 (1.03),63.9 (1.05),76.1 (1.06),87.9 (1.067),103.0 (1.055),114.3 (1.047),
1440 (24.0),36.9 (0.76),57.7 (0.854),71.5 (0.891),84.7 (0.916),95.5 (0.867),103.7 (0.836),
2160 (36.0),38.9 (0.716),53.7 (0.701),63.4 (0.693),72.8 (0.686),75.6 (0.592),77.6 (0.538),
2880 (48.0),36.2 (0.624),52.1 (0.635),62.6 (0.635),72.6 (0.633),85.6 (0.619),95.3 (0.608),
4320 (72.0),28.2 (0.453),43.1 (0.489),53.0 (0.499),62.4 (0.504),92.8 (0.622),115.6 (0.682),
[UNKNOWN_META]
[END_UNKNOWN]

Interim Climate Change Factors
[CCF]
2030,0.719 (3.6%),0.739 (3.7%),0.822 (4.1%),
2040,0.925 (4.6%),0.915 (4.6%),1.119 (5.6%),
2050,1.123 (5.6%),1.085 (5.4%),1.449 (7.2%),
2060,1.271 (6.4%),1.294 (6.5%),1.865 (9.3%),
2070,1.394 (7.0%),1.526 (7.6%),2.333 (11.7%),
2080,1.477 (7.4%),1.778 (8.9%),2.776 (13.9%),
2090,1.527 (7.6%),2.009 (10.0%),3.21 (16.1%),
[CCF_META]
Time Accessed,16 January 2017 04:54PM
Version,2016_v1
Note,ARR recommends the use of RCP6 values
[END_CCF]

Baseflow Factors
[BASEFLOW]
DOWNSTREAM,0.0
AREA_SQKM,1346.002
CATCH_NO,11506.0
R3RUNOFF,0.169
R1RUNOFF,0.029
[BASEFLOW_META]
Time Accessed,16 January 2017 04:54PM
Version,2016_v1
[END_BASEFLOW]

[ENDTXT]